137.37297204804975	2.444274130863509	0.0049230707687067	3.489749789970629	4.728542676609608	1.5666396849187
137.37297204804975	2.444274130863509	0.0049230707687067	3.489749789970629	4.728542676609608	1.5666396849187
38.984895785244525	6.3666795875490365	0.0080977675917767	3.224611559318796	4.991068397202287	-1.11693016467164
10.898150229700208	7.462985361746406	0.0068974634588054	4.192392714627506	4.549832769700652	-1.24724062121146
25.30992992332025	2.352023212741748	0.0041950798854251	2.1761827724054124	2.458376901752393	0.102224957374004
8.373885291880704	3.305639851171874	0.0052279962270487	2.6244299719040503	1.9446241633038417	0.968496002509353
54.87748996241656	2.8354774252591284	0.0072007491910564	4.55787845835727	3.978423375521235	-0.904097413275558
99.1307879168628	3.758831960771954	0.0068961571483778	2.5864663834210027	3.9122192618783855	-0.244420729596582
183.0480225270566	2.77382151507192	0.0060095245146795	4.592938943628677	2.073229174803996	-0.42090787083051
2.846461556093508	2.293894029231444	0.0057203714157071	1.9540710716620384	1.5993110925522016	1.88881349449694
