269.18050229334824	4.790748841787375	0.0156890508056939	3.6067386646525934	10.142539275657	-1.48571163843135
300.0121803002064	3.174945382773344	0.0090967198735228	2.403866449577336	6.611197514377821	2.35075652389048
1.5795159635815283	2.801546450637295	0.0037617776821988	1.7193041698454123	2.630823249103485	2.10135647311346
158.82978456501957	4.028812682947527	0.0089108558749026	3.525622113960213	8.409394476408162	-0.664678426114758
204.08084197767133	5.513214203426406	0.010117009044112	3.064053782637363	11.25540172257134	-0.613863255783167
414.2348665594597	5.877257911492385	0.0126749137899279	4.398078679650113	19.77547878256848	2.23384486024541
414.2348665594597	5.877257911492385	0.0126749137899279	4.398078679650113	19.77547878256848	2.23384486024541
55.30411125735159	3.399744845736965	0.0078478990500565	2.408001687670588	5.314557093016368	1.29104049794841
9.184918994813568	2.3273188780925453	0.0091619436084522	3.235574970436665	12.987448990910698	2.87318274835237
312.36144610248846	4.558811430950717	0.0112246954637189	2.7848574144349105	9.483954669525898	1.27930912080834
64.76281311113544	2.652092735072877	0.0082582248352287	2.1677525229185446	2.6118484017157058	1.15935138260734
64.76281311113544	2.652092735072877	0.0082582248352287	2.1677525229185446	2.6118484017157058	1.15935138260734
64.5289898303416	5.194590793287697	0.0099052638387271	2.614835142315944	4.169652075748775	1.12736009681708
233.81347640623105	3.3573389533288736	0.0068047405090376	2.528462238234212	9.891522902099698	0.988198006594585
112.48897498276564	4.187541152540089	0.0109436908907419	3.516312894942221	9.037406282748186	1.70079028064106
78.84414041317608	4.642326953652641	0.007952186123376	3.088985915904221	7.320116972924629	1.04747244130824
160.5839368048774	5.1467143851250245	0.0082310904683085	2.801450921740843	8.479556538960324	1.99708737365075
485.1862206813997	3.9518334209095967	0.0133894247669662	2.637194614793572	8.25507133784278	1.38462905180722
44.04432284415292	5.524476575409049	0.0127040606787751	3.279219563801401	10.232810936856376	0.652798583228843
36.259232278179134	2.80892520716159	0.0068408457584682	2.8516283074777307	9.714842056851904	0.625510757743739
170.6425496577065	4.768685438512597	0.0083079931751835	4.746971178085416	7.181697764847155	1.09084840813208
455.251967127888	7.032571372097538	0.0094747946277185	2.628178522950775	5.692495542086524	2.32337502167234
11.613417203389233	3.277995658964619	0.0060374893628524	2.21961320804192	6.268829136777836	1.33752152797611
92.71892207085874	4.31208545464205	0.0112491078637055	3.830756163994298	11.84976831862985	1.70518941050099
260.7685736743467	3.987709442486396	0.0114427584116021	3.5613961414623887	11.951904466957982	1.32767597378861
260.7685736743467	3.987709442486396	0.0114427584116021	3.5613961414623887	11.951904466957982	1.32767597378861
73.39075120117313	4.030752872667993	0.0065640394100085	2.954391771836791	7.87902479280089	1.8578596552231
275.3490403979646	4.016771434784317	0.0098519529686992	2.659141811491044	9.985489217279191	0.342099055300064
194.4592233036956	3.3672563518725243	0.0132628555324732	3.223029099921253	12.4735971370926	1.26043731648984
194.4592233036956	3.3672563518725243	0.0132628555324732	3.223029099921253	12.4735971370926	1.26043731648984
