1.7701200155270422	4.554995196367559	0.0063468262045348	3.2413005749212087	2.8116526023959847	2.17467693901646
34.47405912151086	3.98996253916789	0.0081060331575521	4.067548457997106	3.4322453812158384	0.458357583875743
21.91231856950414	2.7310406452393554	0.0060333495583353	4.499272009844543	3.743230340995216	1.00987054095345
21.91231856950414	2.7310406452393554	0.0060333495583353	4.499272009844543	3.743230340995216	1.00987054095345
308.5702203222044	3.031708779794884	0.005468237964907	2.886006305518422	2.877436314302482	0.30175602485584
130.3695671826705	4.177693770066747	0.0063307961614354	2.99574805312382	7.194164854501326	-0.543626654701697
27.720517436568304	3.5758181326983203	0.0072339269432822	2.705526541140476	2.3304436737105494	1.15022728871797
8.884223933111763	2.01968855927212	0.0035984302569317	1.7036249813216722	1.579090081268663	1.24310320378485
2.2014909009453483	2.1455108200990014	0.0046704093353387	1.701867986697258	1.3745617713068277	0.871472815964835
2.1079415378872244	1.6152374602740671	0.0032803325524802	1.6799762370073923	1.393069410997357	0.907853629389098
2.2766382639870897	2.295778841944862	0.0041872269949027	1.917523628658128	1.3969430416489623	0.966246624487432
106.13629192673966	5.090597640218745	0.0082875274761108	2.469108563394948	9.828252457478424	0.467912490903346
119.67056737423744	6.223897195367334	0.008287489375835	3.253074983174421	10.633722652062003	0.826338281858646
185.8414866178886	5.030035125575394	0.0071552513844946	4.045294157667262	5.949859242090885	-0.100148695896416
50.96329298704492	3.616461516478099	0.0057410790070262	2.1832377257074227	3.880799261014706	1.28217597164676
134.52255329680352	3.043074575530264	0.0074064643302623	3.0851398510418058	9.202037552633543	-0.305533177252942
30.20930017420428	4.067479317923853	0.0061098941510407	3.1362125311533418	3.0578383946357284	-0.26758454072953
15.778239841837047	4.742865659276129	0.0056969940008135	2.6101861847384566	3.2065817466038182	0.94393403262112
24.68038051305416	5.323044005742109	0.0089601440413277	5.20587560899359	6.07619669429298	0.41994761453225
65.76940169229536	6.0532460070035805	0.0139819342300953	4.914897337762063	7.730055714903042	-0.949123981290827
