6.761294989377981	3.837351159456184	0.0067948219837761	1.9995321692782453	1.8569774519361384	2.45288554527377
163.41756294855898	2.4221198312609205	0.0061625456342371	2.221749699897148	2.001414518802768	2.19991399386661
3.125940082845688	2.175489959403215	0.0073145619326096	2.081667602948888	1.497770977249434	1.63508885570808
10.614005405135396	2.9365892151133863	0.0079576961978029	2.3458671466359085	2.742257617535369	0.220508427801143
126.84579544166309	3.75286743363404	0.0064744237599127	3.256977383429841	5.404175672331708	1.01252828127004
55.77965357214597	3.052388907177308	0.0085926983892155	2.841168102309656	4.138948920846121	2.30452843111838
8.742807349950201	2.629919202075582	0.0051413476773006	1.83893904771182	1.6562273691126217	1.2030344216376
34.00840466535252	2.572383667697252	0.0065579265177043	2.5610176948595607	4.100570619476085	0.184775393988632
17.228333383548357	3.883650518873437	0.007280118547117	2.3057692899652404	2.1323066617651105	1.30688489606426
24.55756223493668	1.8306620141455527	0.0061708517314099	2.193865844488965	4.818598180340516	1.33164315650593
68.21268869435447	2.5644684534568065	0.0064063142970029	2.4122265238811864	4.281803214471033	1.45985212189784
113.6696867751888	2.8837019282703755	0.0056582467790522	2.315302908543559	4.091300042442239	1.45757270145289
13.722070255809513	2.5527994495454776	0.0061442847614779	2.3845113359821646	1.6838666262121258	1.95538389408158
5.315155661104684	1.7360949053332022	0.0044616386888433	1.7040325579294004	1.4922758534606144	0.701117276923804
111.63160779869148	1.974791570596789	0.0060749345530588	2.1939551079927404	3.1168072409148024	1.48411311975372
1.9454052078813384	2.1288108432348745	0.0048336059019167	1.7652949102340996	1.5146486176446765	1.35210690506634
28.78189181278219	1.9800841440496348	0.0050733056036207	2.03116785997382	1.71814000805874	1.97859682547801
1.3885976458222715	2.150101280530236	0.0059924214076933	2.621674998444881	3.464430585608381	1.29214378878854
12.30544994107984	2.441226533263214	0.0064519307737768	2.8448443832861154	3.127436671296534	1.59599675556839
50.7511019478956	3.5591312462502267	0.0061134239308768	2.101149586962298	2.1974495375392333	0.570196709100459
1703.8047204881018	3.5405201437613933	0.0058272984212973	2.37378846109498	3.339389317885731	1.78241664518047
88.52232291309872	4.486392612436403	0.0075191482813789	2.614905779573181	5.909376330160878	1.73496804599965
36.6366546074532	3.8600688848925215	0.0065267018549703	2.397297011577458	2.153208545690154	0.286443761712353
69.3402908573546	3.0106135215241854	0.0044217248078404	2.348688037079614	3.9780290141998167	0.990150506587044
57.92845633853464	4.468727352794901	0.0069696946596379	2.663022205013825	3.1215354585179784	-0.0963812765197979
3.617913702716783	1.975965734289502	0.0042875740196276	1.7455432543970246	1.7785936388538148	2.1605420502513
18.029719520936595	1.5253084865273228	0.0028098091563465	1.8423260649057795	3.7340696695789592	1.62820302735391
17.595000972062227	2.194620500048182	0.0056241875091568	1.8711140211238613	1.881165315638472	1.00497352990321
43.64839123065427	3.071555339625878	0.0061716028364386	3.148551460541518	3.361619142024201	1.34100278168018
3.4966965542951463	2.0781190250626063	0.0047652318771537	1.780667312466486	1.7088384978100688	0.98626481865494
70.0529444786025	2.745594927512282	0.0058273562400878	3.8292377828478976	2.8989560048831065	1.29861768765484
22.86199651116135	2.7076683240548705	0.0067521562681786	2.9140906483807423	3.718626376521402	-0.175853360955308
1.532002348796242	3.030741669162212	0.0057691913986907	2.130224884738486	2.5984253959647527	1.49538261793048
39.96126904466003	2.405872286320969	0.0065755093789275	2.79759054780342	7.468537023691382	0.936636919384465
2.3724049522245325	1.7918530861848192	0.0042350082304937	1.805195150744316	1.5365109547849567	1.40309901970045
2.092591481210224	2.4641547052999675	0.0061178706500855	2.807783289921124	3.498099540089392	1.51990212433075
15.384929913535853	2.8880459575934414	0.0065821318571605	2.425791381806619	5.830208938069953	0.067909486628892
16.644147125402394	2.7594245011531293	0.0066685158237607	2.38962052362213	4.537249380061196	0.28960067501605
52.19673947532502	3.1742924074172323	0.0064704702637561	2.553495084717977	4.663094838650524	1.66872843422321
199.81257402334847	2.2505332336318675	0.0060640255797143	2.435100190124277	8.215133893885652	1.844278954178
3.5988894286007382	3.7571503408058784	0.0058978304211123	2.4506278786067908	2.6781778165844616	1.53551380911377
26.40073050772262	1.7462508468623346	0.0057502700144202	1.858449528657638	1.7125268486605831	0.877800486138726
67.23103083309903	2.713996037956017	0.005763271975938	2.1354450877315685	5.189942490034155	2.27229028547539
31.49247263980468	2.0674436812561026	0.0051841210953494	2.5061465145260566	1.9621210821741584	-0.444874309363195
431.50271904051954	2.4008131909930506	0.0060836521433154	2.7621138486217216	4.793273403177284	1.12097920494536
431.50271904051954	2.4008131909930506	0.0060836521433154	2.7621138486217216	4.793273403177284	1.12097920494536
87.68600192695958	6.39385496162466	0.0108984350444588	3.002149934565624	7.016401741780124	-0.954262003413045
30.647416505174583	2.0871061938646496	0.004846093026927	3.254873663613223	3.633798867104594	0.85788131220923
41.36245733707439	2.4623960430270424	0.0056793431312005	1.928309489484105	3.511679621477899	2.33134507325158
2.9179952903678097	2.1124999226385586	0.0040748616259055	1.6867020113235958	1.6930503453973846	1.12515236204328
3.713203519106171	2.2970163992965835	0.0047762428768738	1.918862716550924	1.6064525703902353	1.14609217264879
36.43879781351602	2.353481749739009	0.005416847369164	2.0735646225796565	3.74615734905001	1.36951139656329
178.63727141341354	5.632490608577621	0.0101668609916662	13.782011217844358	15.907176572402925	1.73137534984219
