35.13684140097694	4.041933381742912	0.0048164247224032	2.1007728863577726	2.0936170503788447	-0.964519591914585
60.17379910726896	3.158758032174873	0.005514997650212	2.036039401236871	5.770313278936762	-0.279686282447369
2.400254894007692	3.69926456963545	0.005919518199999	2.32248665792296	2.1989775103773543	1.83897699151902
37.97326076986409	4.327797585845654	0.0027272219705231	3.87209995090985	6.438096233328826	1.22469022485605
132.47067755446287	5.637715957779871	0.0083291256618185	4.473809752447274	8.721134925597557	-2.68927909271117
100.12701614543028	2.680823352447648	0.0069875393414029	2.6842580456904934	6.289314305813545	-1.19384015256755
31.562687905152064	2.560669229971551	0.0060987295154563	2.2033679019383685	5.151480027888844	0.488688785402158
298.94456633568745	2.7835359420537644	0.0065820357407369	2.275220262076016	4.2682121211851545	-0.0560351159163725
107.6580998233059	7.290261237357773	0.0073478022950751	5.131645387601732	6.473100800290898	-0.813471517583199
12.1095652800394	4.408715969308714	0.0103944817381085	2.7238145676613983	4.421699214343108	-1.13865092146838
243.39394218349327	24.12467652314288	0.005256037789867	63.38641624225946	40.95675602740624	-0.607282294627148
230.29150964690987	7.277281984818271	0.0066232909744159	3.500904808576569	6.75519067492878	0.822775277123233
140.51486454232332	8.391855479771094	0.008498931663393	18.985558995354417	22.31422104250084	-0.384201778092786
2.1621031747051886	4.465920563490001	0.0066146672652997	6.456205476152177	7.240507713423938	-1.08781043489471
226.19849768854823	5.09299174373788	0.0062553044554284	6.732377302636606	9.972652111985362	1.11676703220325
1028.9307622991846	5.819705878755962	0.0102734344089031	5.12023170528366	7.56251972620126	-1.47753365815514
113.29406271945616	5.052724941899526	0.0166133431621413	3.3520208326485803	5.864073675556219	1.02579482294737
