108.31879283803822	4.035744012698028	0.0068731447429205	2.9835172376825305	3.942127251116974	0.240039527523809
23.633305919512075	2.592489528217919	0.0058945698940676	2.01129676373086	1.7330424964416022	1.06848396325852
75.36210330809531	4.377707521692067	0.0069883871133914	2.5908790498493106	4.332370933936718	1.01540061271926
31.856368466893105	3.94853731765964	0.0070613993047193	3.292951619346128	3.80524797150568	0.188649701676003
48.521919826269325	7.369479117875545	0.0101065382831855	7.94102129940323	3.1241448710691224	-1.07741594861072
152.95147149221705	2.5471153024495394	0.0048810941717934	2.383512434264208	1.5743115477724745	1.19129404328655
80.02911365183948	2.4596302674381274	0.0056763240521469	2.776208518549548	7.722761581932373	1.2141038708126
441.67329011525726	2.190580446714956	0.0048905738097468	2.109169587857066	2.413567655144816	0.310012564783314
5.274008554226857	4.22402380879707	0.0046936669082366	2.770568312176441	1.906948987297522	-0.0895214992589157
60.07680335808666	3.4026388350358823	0.0058726703654549	2.629254759513602	5.630613781469234	0.0986437405231187
55.03769023232464	2.64101469832296	0.0047064824793233	2.10139866089494	3.634370850067043	0.830599702786279
170.76231708462413	2.453633630151997	0.0058580462096984	2.69839233815877	9.251086274703296	-1.0628434906104
22.382884197399864	3.947382036355629	0.0109063837862708	3.0128156528979937	6.760381707030201	0.215956184660984
81.36878447898893	2.2448970930084164	0.0066793643731843	2.2703873941769945	6.981761761626102	0.279278255802987
11.199920695194669	2.443159773749291	0.0041418127419019	1.789020461828175	2.1838391111163657	0.805154323908759
2.6663006295857152	4.476551891248314	0.0048029460949932	4.227677965333577	4.030633746013703	0.835954656252654
4.6750662793704665	2.125546898790936	0.00443528442975	2.578789742290273	1.5697945061584109	0.94318150881248
3.877152595575787	2.140772085919631	0.0063690021822157	3.004947852478486	3.251671559896813	-1.18307163186096
31.02397733905584	2.065304982827696	0.0056253226277761	2.50658495349929	2.380712342662071	-1.25714666483359
140.62144762107556	2.455675714119491	0.0044954702188279	2.437192317709472	3.6939825346431774	1.30576964995147
46.727155519427406	2.8968721180777584	0.006327658064229	2.698954307261181	5.0500793132362345	-1.00884304232538
55.86981563142901	2.94687273042587	0.0081804668305069	2.6584145370351795	6.634975036768223	1.69042346185785
55.86981563142901	2.94687273042587	0.0081804668305069	2.6584145370351795	6.634975036768223	1.69042346185785
72.15283123051165	3.4547759180157853	0.0071563522929444	2.467328464078366	5.68036738835197	-0.786501034947747
55.63284422815318	3.474715651589756	0.006634395543144	4.210424435146018	6.407974319195182	1.07664946142615
146.6531472622454	2.6723533217047297	0.0061914785921368	2.372081754947377	5.345683906961251	1.27336273317203
1.7434250648020575	1.9948402052695544	0.0047011674214016	1.8972960425510308	1.7979755512197573	2.38976088709767
50.202498453500674	3.056491778754338	0.0067512150028606	3.2284280293172016	3.489198217266639	-1.22652507463078
1.671644201771045	2.1995009348993646	0.0056666921777281	3.6147249467130975	1.8073375412560253	1.2590070301969
2.4084960253120773	1.993709079049313	0.0062348160351618	2.8915215524106213	2.749665338176245	0.47966626857507
43.2017654469848	3.378117293911357	0.0075089612726892	2.265574198314469	8.597267767522258	0.768356657881578
37.039824566259135	2.714137979887556	0.006393941153457	2.3800257925730284	3.899180684920837	0.914686160757137
744.3064333609434	2.8182947902776747	0.0068397654077586	2.648084540287658	10.334185451351471	0.0381467436000882
411.8212665458385	2.943244419944276	0.0068668263839807	2.507873659572201	4.7379157184624985	-0.547211039413824
4.148531826573095	2.3666322603493035	0.0059237404766624	3.9892030139340258	1.9923638406522413	-0.915135617271823
5.1972271027559165	2.885493986515119	0.0073985442289853	3.3302669997558647	6.294399785059729	-0.513759006425199
