6.41869754668999	2.828671823902793	0.0075576166243138	2.26161699043238	3.577111738858611	1.16129132182684
4.875761636683156	2.0308011390941445	0.0061265661167677	2.2512161260862333	2.737045849778464	0.924090898180494
3.226047962633141	2.2094711462027217	0.0063411007216263	2.014935169471516	1.8405886494876416	0.828002537873057
63.018143916371095	3.3106990170649166	0.00691332613004	2.284602861073589	3.0281210348614875	0.938485120968215
33.133143356807665	2.20550486013409	0.0053575290738378	2.1046940815666835	1.9806137554478167	1.1282251950762
125.51278114248784	2.2477086372240165	0.0062267363812937	3.3376394538695924	3.2763500671396786	1.37042925464157
2.079272365904296	1.9225946710929973	0.0043930958125587	2.1820843970080546	1.5153784465043778	1.1147217508018
6.983004376134987	2.2434085309824003	0.0047908493432814	2.6068031232428406	1.6546322810537206	1.25091133184468
39.93398526124058	3.346653844635499	0.0060662438126915	2.233243582388272	3.5520806393553737	1.594602093626
74.27813742709603	2.895854203878554	0.0079322703426308	5.270407722581448	23.313001283133342	0.0196900049708763
98.48654833349708	4.46551364333479	0.0107972069447208	3.3405748744128148	4.794093126839157	1.57603514587428
113.15927153116871	3.53338408930191	0.0074681653698804	2.6855126042055018	5.959878191256356	1.02179751607181
191.5521476836437	3.2358161308601048	0.0070740298485338	3.275351280945737	7.227163639809508	0.633603733740683
44.43607517232476	3.7155535792580734	0.0075918248705439	2.461045195552087	4.5331492145774375	1.82788399951039
358.65947040484843	3.9782303331452975	0.0083291988866235	3.171738686519145	7.057961488337644	0.228814231249238
5.372341478252802	2.80659426000866	0.0069890636360986	2.158187427068562	3.1006371683100067	0.898709397401468
161.6269719073853	5.721065844164322	0.0078984209163195	2.304746022518576	8.6692892103953	1.80195627084108
161.6269719073853	5.721065844164322	0.0078984209163195	2.304746022518576	8.6692892103953	1.80195627084108
8.883980992017518	4.975253064713723	0.0080908825587763	5.232022856488968	5.738887193160807	2.05597525575201
129.847420687022	3.6535428748406016	0.0095507239161481	2.473867366752386	11.483965842499137	0.978325690901072
643.793248860763	5.0057075166704	0.0090427789207705	3.193987199521025	7.28961239321048	-0.0764914913108008
38.7926430044152	2.5172422107009087	0.0058654879198667	2.1768154912951463	2.413750630781106	0.475203227989274
2.772911689472358	3.7508454225083874	0.0063676473039121	2.7893035838138083	5.747749768061913	1.27779122967719
29.02943879341806	2.038245977848016	0.0046301091017166	2.2733718402196392	2.101019811583204	1.28582627250704
86.57116582607271	1.7265250591786323	0.0041108360301525	1.6898686409116517	1.3928787121567705	2.41573889837341
1.3692471192493116	1.6684819846079038	0.0040276181384113	1.80207384249458	1.462412916298541	1.13560218939544
2.173873404917858	1.7250670490819042	0.003976208330609	1.9837684351717049	1.4402914925126022	1.46420442598214
15.710544971893237	2.0795547799122542	0.0041489332575746	1.829810123385579	1.7245371486234682	0.996759914750697
20.959292202394305	3.369406398894838	0.0048324383528837	1.903865929450107	3.133724225984748	2.37810582346702
37.07338691238099	2.529476211839764	0.005157097427646	2.093017940778048	3.235687911898398	0.825312211639402
2.0720552775091146	2.9297327989054978	0.0045474987436695	1.648953508850616	2.5996675524395263	0.944804214426076
13.513180358406826	2.6620955070678587	0.0059418161473754	1.6665624894263915	2.0525437126250803	1.36544980096445
3.254718148993068	3.104069481490037	0.0055110488980769	1.870214235690892	2.094321837926229	0.894471208790589
2.6300847337551923	2.4823192449359546	0.0061405866570399	2.0857664366310824	2.352747457120904	-0.21837865589386
36.54291034119378	2.816329039675632	0.0073313837897076	2.8650214841874515	5.419131659573281	2.29450322138418
39.478790920545926	2.976014170783867	0.0057367911448328	2.2175588446068915	3.905060668374706	1.1891469154981
37.26675107128944	3.610534799384136	0.0051918791470694	2.6269507956560547	4.147224740117981	1.09816799154696
16.07057673969203	2.1028816351440747	0.0049888388129527	1.756931164958081	2.011076702143134	0.186138093868198
58.42012535702499	3.510873221202862	0.0058253569767018	3.671881940466281	5.03906944020465	1.77555717730622
2.160677051423268	3.260064664664424	0.0048635003134547	2.0000756252656573	2.418261915557244	1.89477129567271
2.748307708631201	2.300490447484253	0.0046761780804702	1.646736233865004	1.49889089676419	1.25215101448525
3.916296960495812	2.4848202329390325	0.0057887715860105	1.9035056338683989	2.538873052058892	0.884907735491533
1.92021479525201	3.517639210835313	0.0046619038936408	1.6326881423122914	3.0793283339198165	2.62167179218122
36.868999666351584	4.74945926896192	0.0060463902317542	2.444463784284685	5.826900165617847	1.7116529016962
2.804968181488546	2.9116330391414804	0.005582050769815	2.2935940700557	2.6457117672731747	-0.34109283460132
43.06918112638922	2.4619197435159794	0.005258589572401	3.684758839440809	4.064484978574257	-0.97161150928955
19.88835958099455	2.878597372120913	0.0076611075174123	1.9198219629026807	2.268150924412184	1.91531880476798
2.0248186840555	2.297259539018307	0.006429384456949	3.251189599840816	2.662524905373268	0.207620073669167
30.84808419442617	2.573177664141129	0.0064704545884023	2.4581895475179936	2.4529778282643053	1.11940235106771
109.59092953973236	3.728539026590953	0.0065617471684548	2.783983942818765	8.112160905379342	2.04711834687917
15.529440588070434	2.9503795478379446	0.0066988026928211	2.117342637682109	1.8423879210882768	1.36761563255434
68.26941007463468	2.749738675908717	0.0058896545534235	8.934920757607534	5.852760581982064	-0.917217233380358
4.449188629783838	3.702467567948245	0.0063693888270707	2.7125547604832065	1.9730333934090696	1.09320892572288
24.57291043880208	2.281401491353814	0.0055097386107697	2.154604420308816	3.234311585425712	-0.791114837630515
55.629018828316426	2.706156881575651	0.0047651845299242	1.4157337465434847	1.705733313109978	0.879505670247522
