30.05676306664384	4.819311298995851	0.0088291745859362	2.8919177559404705	8.83184917689574	0.681624593426714
24.79160138509804	2.484760630093405	0.0078970340005615	3.428741063124049	4.902548246475424	-0.467609548039346
171.83457422926116	4.15304176400989	0.0090508569107256	2.839914201233136	11.168952604546485	0.808619339990862
69.17625911914801	2.8641395675739787	0.0066066513760957	2.234080798037284	7.175072432026384	0.112395733355625
82.6837107154782	4.3365021622530175	0.0089921307347022	3.329140212143923	13.6904765844481	0.0463230112712777
28.95512340773153	2.5320903638958154	0.0055205583334278	1.885132777761109	2.6139024909941875	-0.660601024413202
16.800786765013562	2.332582922425229	0.0054048922039572	2.045879480148951	2.595075583462383	-1.37681265620249
763.8257736143424	2.3072757046858063	0.0057537840896559	2.2607765947643257	6.335157083905426	0.386816663957713
34.07268232269676	3.3490568633419664	0.0092822141264597	4.178474728679562	7.041207312820406	0.185238606805223
29.508497898980128	3.2551192226482137	0.0081616857577355	2.3386628238674496	9.568522037604325	2.64585186333725
246.0016087722028	6.749343929531023	0.0084208997256509	3.382864784250697	17.738196362860684	1.23406692128008
57.75016394939714	3.6093462669040894	0.0075831314951598	2.056546757673678	4.078068997527431	2.55361995111123
33.21915998159281	2.296968062600542	0.0040277361628137	1.8834888519707784	4.445607024276974	-0.852132531230541
135.5682434146222	3.5334192535503663	0.0037451300397416	1.4559349225252207	2.177498995876942	0.506471472615479
87.89919908998063	5.233024504613527	0.0074505212825111	2.542572946182542	5.992873505109623	-0.112680606169735
138.7062283071671	3.353238221174718	0.0076200930788166	4.190013948191472	8.300361896612461	0.281355369717436
132.67642398766264	4.445924282112142	0.0077223414943784	2.267161955480589	8.582314251875115	-0.93056476636646
110.80391432235992	2.630571584409935	0.0057217171947307	2.4023873209432898	10.320228972161576	0.576376068270562
24.63261105369245	4.120106972120983	0.0073203460012653	3.679469402010859	13.118585812230522	1.5571527388113
76.07497063196327	6.975639923501877	0.0068689517581542	1.678628123322346	2.928160847887723	0.946655910170019
90.35814864796498	6.032494834237142	0.0093639576520269	3.0278876677499365	9.445381231714654	-0.483051923325948
125.84358459111702	3.7375378733010702	0.0072095611226246	2.5593380975913105	6.565291012491845	-0.06360749675421
434.8585387711886	4.6227292381922345	0.0078497098703827	4.59434087075944	9.695774129646331	-0.125014814873339
326.16193512685294	7.211506583587481	0.0062493470039806	18.2425635551266	45.30938194109911	-0.713512029022837
47.83706570854067	13.7640944792366	0.0062239148942553	18.964642797306023	64.71677741709824	-1.46234782241618
168.8852779338164	28.62899762779081	0.0074545966308316	32.98765805099591	46.54931085889128	-0.855932369452342
52.7995436370436	3.341506395217836	0.0059601328966281	4.2186958160296735	21.78937708886868	-0.0370154845397028
6.852198831072329	4.215853162957721	0.0058412762463539	4.267240218980176	3.794956503737488	-0.744776950504954
259.4178560393764	9.95920719042994	0.0097890114931212	6.886927440494133	17.276008648386416	-0.869809564212044
123.48362493938598	4.595637978943984	0.010474088266567	3.121807218166901	6.795657716663359	-0.124111635468425
4.265008597742065	3.072845257247626	0.009040034153151	2.29427265695601	3.927758853871445	-0.415676652782664
2.2533992097463424	3.8506016936266	0.0103606246728084	3.0993124455214307	3.3273641938683647	0.939465756200117
2.2533992097463424	3.8506016936266	0.0103606246728084	3.0993124455214307	3.3273641938683647	0.939465756200117
