3.206539590055392	2.4914275848664733	0.0047298491329081	1.7126045917135808	1.6886136699975571	0.948596674479773
112.26152768778113	2.4257497841113307	0.0053749140411145	2.1371512352528463	6.989200522792788	-1.17464071923192
2.1489882075589586	1.6182176948755946	0.0032060430726565	1.5228664392477342	1.3988059607142953	0.907153184556802
19.23295195604092	2.989399961162055	0.0051634285377978	2.2784852620927825	2.0643704339637456	1.39808407225845
2.5165748777202936	4.074556497322959	0.0057714003189452	2.463106807299023	2.203458401052294	-0.227810692138197
36.836420608823374	2.181135434977163	0.0037611529278766	1.342334820309086	4.018486823244369	1.41511209587642
36.836420608823374	2.181135434977163	0.0037611529278766	1.342334820309086	4.018486823244369	1.41511209587642
5.132522102309898	2.6990986613878483	0.0048330094648787	2.2949153964260645	3.7788284317786376	1.0035859623406
6.66377271233228	1.89042081404724	0.0027548137652776	1.1997226169078197	1.4023985229275913	1.17859995024982
23.034841695825303	3.219342846402896	0.0040769276959481	1.7689318028854917	2.775526429569004	1.11189533414056
92.11159169628684	3.081488770633925	0.0062027366421491	2.0419537049073724	4.2554039768949785	1.20024130982147
