26.545899573284608	5.691963562352995	0.0125900797711037	3.4532793794269523	3.914907105176759	-0.610779084000944
121.00904025476608	2.886782810553984	0.0044906205575437	1.7076312962685325	3.264270973027488	4.44636268704822
163.0335834227389	1.8950234886765915	0.0062177094909939	2.1131622304979296	6.421398387526561	1.00756812146632
1.5092350106727082	4.375787779599781	0.0088543645594871	1.828621441851152	2.1015132156117367	0.922009338012411
3.288719120739122	1.871443528455076	0.0040424117486933	1.574376455201162	1.4901194812040504	0.818931120822177
234.0214365970284	2.592079462454743	0.0061803836503189	1.937885909337773	2.383740143232905	0.508140796557779
37.49456529310224	2.7535714149982824	0.0053013530514148	2.751818057480816	6.126257214628216	1.25354609064053
47.92027503616571	2.7298163667349256	0.0063141378502323	2.453450574702136	2.9938930852030663	0.915839898865491
63.70970264521719	2.875321665954616	0.0056754918057599	6.582145137463721	2.9090735418212006	-1.18525912294338
1.9934087546565795	1.7312206469275626	0.0045571041269944	2.1283468921491817	1.3991056348218724	1.08420082964359
44.19852572606848	2.838647546837371	0.0063790697518379	1.6487892910313149	1.9179797446195048	-0.244010611159119
7.317030508615257	3.726838584621127	0.0076070582531343	1.7230615714342374	2.737459272044065	1.01940521806788
61.61266702027835	3.4743538932824336	0.0088608099132704	2.9742786979833893	6.76001010657101	1.05976799860172
2.19728608787896	4.096289877492231	0.0069706540535887	1.9821244563396745	1.6412170215094402	0.942476774153989
92.79514864352116	8.24799419580727	0.0094689144566175	3.8589348904135714	8.79311788379535	-0.665128412864419
205.37566316879867	6.067967542548372	0.0120361641982723	3.090839339233706	8.63159560210947	-0.461970044262799
219.31176116932537	6.132624797575235	0.0109395102708183	3.7696268592383686	13.765962095333853	-0.205542216892965
271.31823526582696	7.266081484111611	0.0105053500934485	3.888915225788697	13.205392758971726	0.509470511633613
366.1061039735464	9.935659579317132	0.0058189036396572	3.5225828466480302	6.479402367271714	1.04920365921421
404.760454119678	3.20289867117128	0.0101955894785994	4.390604156437728	3.427078740892656	-0.332011514466185
66.04206045995517	2.972317946858112	0.0066142900188354	3.4930149734842653	5.942594859838742	1.39155751757329
19.58915778235105	5.071271819892121	0.0080943764012168	2.383807401820396	4.043039797613128	1.00868194976389
49.095159761387	2.677034366001652	0.00514204225359	2.3368512971138515	5.611083982787608	-0.131216077407007
20.856135335860152	2.646259769825573	0.0036610676215184	1.2940342819387594	1.22627561491403	0.182856512232386
48.66361520513954	2.26096802339078	0.0035362805051382	1.6761140795036729	3.358223979258112	0.975954524046681
4.408243258867744	1.8373407151813863	0.0035046956912939	3.0479127376112616	2.043017215344189	1.61389749533518
43.9158123105889	2.137093903029238	0.0043567560269727	1.9489131779001287	4.548184699442966	2.43227489798434
33.97311558153457	2.963363294021165	0.003909443989163	1.909809568345092	3.7905173233295097	-0.237563306316895
3.753815117931544	2.622245991486704	0.0037315966861029	1.582296001462007	3.1423470748918634	1.0146871415838
3.753815117931544	2.622245991486704	0.0037315966861029	1.582296001462007	3.1423470748918634	1.0146871415838
35.203057550129934	2.097654037717121	0.0038576019826985	1.819332425288936	3.8807181981798	1.74799550661603
35.203057550129934	2.097654037717121	0.0038576019826985	1.819332425288936	3.8807181981798	1.74799550661603
84.53830627523874	2.930007940703713	0.0056301649392999	2.193389489696348	9.09591794842427	1.64207525410494
38.1088963252705	2.4551042703701174	0.0042293029417141	1.8276280129921407	2.1964419461404305	0.297475265458111
6.298819731536212	3.2194527351568114	0.0052528495851702	1.590863415261618	1.953808169361304	2.2605694010829
175.92510300435927	4.034247370220976	0.0073622469224588	3.112069739803601	10.857564687638424	-0.316193979458062
6.758250039926049	3.2815808970000138	0.0046981717416887	1.9319708006461256	2.020775743015181	0.425894063561676
55.563295778048094	2.3803267929897305	0.0090468026093525	3.1650927779428693	5.825230151010627	0.886163909007625
2.10433448157573	2.6703186276288684	0.0044511294651323	1.4095044497090046	1.3026709768447022	1.31995365286587
3.721026876221686	1.3734442946856198	0.004891913563528	1.556473347326888	3.1829530714235443	2.35977055255451
3.7338506553763136	2.802370049340704	0.0038939508300812	1.417624434250092	1.5240535275141986	2.54184529152301
2.5993072595249127	2.231341695473425	0.0045401611575092	1.3793126835743126	1.289170990285215	0.819779820014055
1.8506227642990027	4.030080160177459	0.0087270805762296	1.6811652193660205	2.6292683203207234	1.48082937454849
