277.97897960279164	7.569473280091436	0.0073793539625756	3.0745085651189865	11.222394710752832	-1.58412352360337
55.65648103718466	9.05276473167122	0.010368818305722	4.9034491213138205	16.4272863659303	-1.82729901694515
119.48379397386236	2.3796674912081404	0.0064242641642765	3.183155950087868	7.296774695358178	-1.72336315478319
7.486151757299807	4.069863420147286	0.0071126524085246	3.698081997181492	9.884861393325128	0.827033425591066
7.486151757299807	4.069863420147286	0.0071126524085246	3.698081997181492	9.884861393325128	0.827033425591066
223.6831371732292	3.8422882060921815	0.0065865286118908	5.779141933011088	13.56243830793797	-1.60665030768148
120.2541926716287	3.1599032778457787	0.0073829025754279	5.591370074402706	5.659454600969329	-1.30435648593434
53.841050780122266	3.2879448609638167	0.0072275934621309	2.6715062987254954	3.614631479125311	-1.47891028467207
349.82854448585533	4.556801763047084	0.0072106491434818	3.783309916867669	4.437231870502793	-1.98603373782444
871.1087504198858	4.446786595013002	0.0077195379738071	7.217358218496747	8.899741405041787	-1.21512378901719
52.786816230369446	3.707880728535809	0.0083754696935164	3.629344836286932	4.343932025610433	-1.75697861812841
108.24913164052528	6.346114088833271	0.0131747802166241	4.093777030553576	8.647728024759033	-2.51159749868571
