69.72340227335577	3.4423570011140314	0.0078372799132728	3.183381381334748	3.011342489000133	0.785378979670347
9.069613896352148	3.398617445737577	0.0064537088771271	1.920313084689817	2.069589366425509	-0.350956066600164
1109.2598623778651	4.986659980577891	0.0097946005009135	3.485400376742288	13.962851626758358	-1.9737135351848
73.78995015759166	2.729076304999583	0.0076930826085882	3.441320529912172	7.8850181327734274	-0.250771531800211
173.22374807214848	3.52266616678396	0.0058335088908505	4.892935910109842	9.561184348747332	1.0287334253586
60.74030184672693	3.8492433944508178	0.0070523790185311	3.674434069717336	3.9063944949344056	0.969266257072842
13.87478010473917	2.1464999508090776	0.0039295125955293	1.6009534559414271	3.579646540531112	0.836576541489835
23.71868794608537	2.256454130760349	0.0052460446335365	2.368128037259762	2.904822527264712	-0.0515263206988443
52.65678937857347	2.0168840041915552	0.0043229220365423	1.8847288332730088	2.104431351449331	1.48189181930404
1.8955825543649727	2.7459430107725216	0.0053744932301316	1.770834637198966	2.054311077493773	1.37932249588928
46.924858275089576	2.605459279240576	0.0065902153801657	2.819474605482992	4.225854915288865	-1.1911025652476
145.15826374980537	6.043221102145783	0.0088340041778941	3.231510252163301	7.035353894834969	-1.59669559376597
1408.1317935163124	5.742242793566169	0.007927095791639	3.055238685001739	13.72430520364443	-0.493291931976138
634.2558272343067	6.66047446336322	0.0087633036208839	3.4348418171555823	6.662277319973725	-0.474862934791108
455.2334943349243	8.017566972042111	0.0094707118940782	6.536918905186679	7.569687127028079	-1.40502037057044
624.4644498669992	6.522725588046948	0.00862739879524	4.873753516331386	16.87852536438564	-1.27731957793568
590.826943998859	5.716453937552127	0.0078162330908978	4.092062422148406	17.359540753700838	-1.27090677288881
29.529214605375923	2.600822625134072	0.0054458934490086	2.2894535932854656	2.66320363400645	1.17100401031844
88.75378386693077	3.782361015090079	0.005968253001526	3.0155430150102056	4.138035646524264	-0.683631452799686
1.4724646099181056	2.6949676155377142	0.0064778750797644	2.212959932776947	3.999294888351736	1.01853428065738
25.40768929196297	2.534502679826852	0.0060507163891503	2.380777400014789	2.220205592330445	-0.0377111240142513
35.92357895087267	3.0965423240378644	0.0066784307729907	3.7478046329012566	5.028374285773368	0.0308608576896859
2.3488241052976435	2.392149170667264	0.0058002320988368	3.232366724446406	2.660708828376737	0.398397125769882
33.33480905803075	2.6555073272967498	0.0061778878618761	2.1396880441481136	2.7700368480833752	-1.68090167283975
3.003629800567119	3.440004779137781	0.0083027673845489	2.6191207673170385	3.4994662950603224	0.767394281715722
3.201687750003533	2.8837680796916465	0.006614524253234	2.2862218412481563	2.0455397308340584	-1.03298740990489
175.09539339971428	4.155621286798977	0.0075514210021718	3.1585520886587624	7.839939411203715	-0.502122826443214
53.31201909748044	6.963922205343235	0.0083767923121576	3.934541817145184	10.833968174190698	0.606459169355514
