63.65890807841792	2.550099290259332	0.0056283076008692	1.6948551372602862	1.420011619073155	1.92107714601314
80.94579841419042	2.7858248970024944	0.0078439116721106	2.212515694702319	5.007109548249232	-0.252931835799407
60.66937368481488	1.6300941510994402	0.0062197578944624	2.7788692304118925	7.290639222251988	2.0515768604554
60.66937368481488	1.6300941510994402	0.0062197578944624	2.7788692304118925	7.290639222251988	2.0515768604554
43.44602174717506	3.654652100090865	0.0078731585772715	2.697785680069799	7.574092060499468	-0.402429765567887
1.5789260130042275	2.4614761437944	0.0099214724675967	2.450391328144911	1.6543144290883596	2.40841147844715
33.95087270260937	3.119320770797604	0.005272315170461	2.1805293986404704	2.2394577849994906	0.615224506859382
117.532992199101	4.795268420416131	0.0069014453972476	2.087991500381156	3.5526351028129923	1.83222344191768
155.69551564698784	2.625828317169677	0.0051484191357976	2.065991317287848	4.40858034668952	1.54929156408048
142.1772363821536	3.873340895711982	0.0065144740557052	3.248407427677653	8.92159402429977	1.57740003294594
32.29023903234736	2.512523178342472	0.005181898678882	2.604674261283122	4.662265767757568	-0.716354111833951
228.774288639138	2.522318937790824	0.0069735689652176	2.7335430830005283	9.112364286944423	0.95757643915907
17.084623096475614	3.182949070609109	0.0071833408754019	2.6108702491317826	4.31882573667543	1.51835038097963
66.73637696175693	3.471712451433569	0.0064512217416635	2.6837187424339897	6.51775883379473	1.48875797106317
119.47131871972076	2.568327721268929	0.0045589392187383	3.3198170411466523	10.762810251365332	1.06174784161903
76.71588005842541	4.2709273147323445	0.0070967993447778	1.8694680361221407	3.010155597783128	1.97447517822424
1.637803590285111	3.1915785555181286	0.0039868673787757	1.7716565280970935	1.5346079587136252	0.883471367904483
40.93994552526714	2.049205986503825	0.0042943836444616	4.15621620877709	4.510013098421148	0.863438490901859
21.34273785668868	2.1063382637670127	0.0039570529773432	2.305936169347205	3.15832073409011	0.0559408183543574
23.56413528836905	2.22348801955812	0.0044663738580311	1.920839892012252	3.036394655370768	2.56698547263649
9.950460338937246	2.724477050062603	0.0039998829584362	2.31499252032911	4.57982125118063	1.23525114775716
2.750935671083664	2.526203204444889	0.0036308840055615	1.8295204813986787	2.496526030826169	1.39947169999006
5.648170131281123	1.5652278119691312	0.0023865042226441	1.5781350495368334	1.385320429539763	2.16909772228199
19.55039264796807	2.959557301224652	0.0040716860126892	2.539786743397332	3.87429004886388	0.513860334150415
34.47730805890245	4.402915077873922	0.0035056647069849	1.7555650815881267	3.299410389782586	1.39044620607362
37.50291280176648	2.043374301952318	0.0030545844016862	1.6130642641991604	4.307486846118515	1.47172544804089
132.61435224383007	2.0695042038820186	0.0035411772182539	1.5575926110980598	3.185944187094816	1.69817140088363
37.47963617088321	2.981529655930192	0.0040601880847692	1.728840611555096	2.475121581343286	1.35377722942394
15.584121791900264	1.5404373745205742	0.0034014143911452	1.5552569122434774	1.29924998157359	2.24286165295398
2.33998864671546	2.011147864412114	0.0030527521448715	1.4970462249754934	1.5821436408281877	1.86403370494043
17.927892722395548	2.5298164717994007	0.0031847426412517	1.569039798850036	2.001245947680633	0.862836866093377
29.014507147378108	3.8258130825815786	0.0068126162685779	6.137856950701192	4.745745940630498	1.65236863116211
11.470169035584354	7.4183324139831965	0.0072535858058651	10.191979189833816	20.232164285305977	-0.825420545460102
78.08745494133478	6.23285544811702	0.0063897062766538	5.025660634158115	4.607073948818339	-0.888205716869044
3.8030137580595023	5.358037702318791	0.0064379188203915	3.5220262586611524	3.2244084041349272	0.50091227295957
173.3056726797233	4.966778846288924	0.0075615252424617	4.460128646716735	14.098647715952607	-0.0405248705920803
165.58937658724892	7.247997807648757	0.0090852205039702	3.966735251232961	10.401947178492724	-0.602841618816849
175.7441791093326	5.2565245341063465	0.007245783915892	3.1901568627820938	11.098525621182969	-0.790084696015616
133.98941475255	5.7617898339004645	0.0081430827411503	2.470732047733597	7.021938297826999	1.05308982621108
10.71024443825766	3.045903529751965	0.0065929222122836	2.228456097321762	7.487713897538258	-0.423824646415522
54.37268492292768	2.647051526455288	0.006106948184169	1.992587282736656	4.216759395191845	1.38911831346232
34.02910050157066	2.238292428395027	0.0047014146975384	1.987058224109008	2.3034799316068035	-0.155722459950866
3.223875056933172	4.4851645280324295	0.0093240829288003	2.524728179831915	3.2302598467018	2.3704642983983
19.90057306707009	2.4591550420273123	0.0061145653549181	2.2028694957526955	2.8741760851684948	1.35893886069804
73.71833462227343	3.7523878949274927	0.0076047726742582	4.40706720667487	5.018816276009604	1.30254230245696
73.71833462227343	3.7523878949274927	0.0076047726742582	4.40706720667487	5.018816276009604	1.30254230245696
8.420899647933169	3.0436239814583868	0.005518411152387	2.166436256221393	2.1188415785046963	1.12630094833167
66.14609336163436	2.664791951625735	0.0058934018144105	2.684424322758041	8.490706319887817	1.05732788016378
9.09906141949396	3.539332175737735	0.0058820168846823	2.86529314418646	2.037231507277688	1.02278392550062
83.14711412361201	3.293535687729218	0.0060780963505015	2.661024845100336	4.263638868494822	0.660645322140611
9.217283482053377	4.07816940005514	0.0068359920068448	2.275851462986887	2.808635052073885	1.10341596680025
80.06928846925932	3.0494942111649075	0.0074207701198233	2.728807637385603	7.882974378048411	1.61124997615629
177.40111802465535	4.817485989146077	0.007153988453253	2.919782490585671	4.35494810517451	0.77126471347522
62.44875509500294	2.8301123430512733	0.0062739313386249	3.6110463435525406	3.5522590945181616	0.823969036818826
56.930601680235824	2.963833285921769	0.0063328150397495	3.803136904931116	3.3619276363131183	1.48796159333469
36.80223405538504	3.069591201660721	0.0061526137704878	2.081782976875588	2.5865727968950605	-0.0568001849456262
2.599018483750492	2.3727830464933075	0.0052075749337772	1.874800289403088	1.97306703885302	2.09708900714293
76.04904099120802	6.568971141890866	0.0074549121097396	5.977476157084748	7.371661748368462	-1.40865069291429
11.077636323267368	3.0085346830348145	0.008730640959793	4.19728726471674	16.400634260610392	0.675389655215277
69.42637563996745	7.550226663689542	0.0078379405462241	3.7478489002277033	4.900678883691045	0.981203835148811
12.744035609348709	3.5915747798098026	0.0059794964904065	1.970021528497814	3.096369422489729	2.07287287995515
26.39742075793731	2.9584896120342634	0.007080478420212	3.348751345367062	3.3541051969289857	0.855375600541067
6.7079684628172975	3.501523755768165	0.0074619233469787	2.298208425768964	3.155574171625181	0.127446693998005
164.2508240576626	4.769846977628546	0.0090664912402396	2.1998080087331817	2.8928506830554817	2.18274551058422
37.10171977140413	2.5024985271021976	0.0063612322940344	2.3188480225228685	2.913349948693238	2.15099341927343
