68.97942582199202	4.299607196186925	0.0081289855857944	3.316316240988938	5.264403278624847	-1.23939003721115
208.8598108653848	2.4725721890723342	0.0067276943022691	7.117935538820079	5.976097517231536	1.07767742810857
42.609090375824735	2.454253078849052	0.0057801522118203	2.598231497068937	6.058864830292341	0.965403326692886
42.609090375824735	2.454253078849052	0.0057801522118203	2.598231497068937	6.058864830292341	0.965403326692886
3.0626860324230463	2.832813035074547	0.0058568428078819	2.19160947922026	2.2650714793550546	1.61536742737748
15.347687276150102	2.2388119491793548	0.0048464784119643	2.1930533018843272	2.6220832682670343	1.91759753559583
3.5868656055587067	2.671452610032948	0.0046359638235947	2.368303333886681	3.774851148336956	0.0301292819582203
81.0005230177101	3.3942335718472405	0.0100561892787147	2.358665251313752	4.656713214093806	0.0176366226602206
54.13141465416789	3.640952660338459	0.0064901063283751	1.9676012103932616	3.477057359414475	0.815257678554925
83.83019028550915	2.273533066982055	0.0057386081150668	1.5893442343447044	2.682741371312954	-0.170906580816398
17.489776541316225	3.7596893381034806	0.0065504756237819	2.276121358741986	1.877113938350596	0.0912148229091328
2.2717565545405187	3.195351186044369	0.0046689868624835	2.8397725282034645	2.93280409755486	1.01068760929418
177.1226594370781	3.2655653902610866	0.0076631741785318	3.068009683554358	5.0781688434940095	0.601764249792456
110.25800217262407	4.421369709828571	0.0082250329513929	3.1403471810997408	4.305344109738865	0.0312417587175319
131.32768605982727	4.809244874998165	0.0083934419583873	4.194961994040559	4.157199227488684	0.995955229545368
37.55982900852166	2.4902136259700742	0.004593684137446	2.2947648944936865	3.840761558465057	1.36066715658186
24.056714282904974	4.321296418562359	0.0051694542001665	2.026313908408001	4.657353143628049	0.95418825745797
24.056714282904974	4.321296418562359	0.0051694542001665	2.026313908408001	4.657353143628049	0.95418825745797
47.84129376896343	2.729413999957726	0.0057827803363987	1.946828826528243	2.59813041708328	1.33308173573041
48.66880200784308	3.407345120831177	0.006178347770968	2.64522983297965	3.847834119764067	0.848085256441427
29.006708349535018	2.99287021280287	0.0053404384844248	2.786406144070546	4.48481178381458	1.19897099152956
8.714003770168754	5.080637186737122	0.0077109885786678	1.997408701675874	6.46847870653514	0.973062442059902
23.606834041523367	2.835099158491616	0.0061250443082697	2.813368827342328	5.943506886309473	-0.690241435140394
827.1598785603692	5.838309101630744	0.0064961442391662	2.718803817499	10.144519654877854	1.60254921963929
2.2091219654963634	2.249409502357284	0.0042773783367372	1.564076939857592	1.4125844991131489	0.843934254799351
7.309859767186763	4.102151922190022	0.0059248188515022	2.034690069366607	3.391484586305056	2.03392932676418
44.72552619909293	2.473967501887296	0.0062494098495563	2.1442136955741784	2.450580395967741	0.730209636288387
28.074045530770103	3.201648889355786	0.0074610284938878	2.02586486648212	2.982445530343862	-0.0797496188735478
