75.38260050956715	3.921842010254775	0.0109018248518474	2.4352293747914606	5.5165927171792974	0.538727070412833
5.629313520501764	2.185131475384139	0.0048736210042787	1.7508333985271147	2.2595815094209435	0.893205659103674
22.32520011711867	4.412002152530489	0.006377354960516	2.098645650421416	2.2936909307640265	-2.54318022612595
8.36013167732986	1.8105674264712444	0.0047789779109489	1.86821924209856	4.044955600461176	1.17686833106455
33.36853570438724	2.9800827112077504	0.0054892324022492	2.3423475796399926	7.894432685074861	1.59931658074507
33.292637522916905	2.1815478407683284	0.0051187148071959	2.0401202977285027	3.147426200774768	1.24900502804389
9.276171560931944	2.955115842490776	0.0062534456656936	2.668119787203956	2.793997033185597	1.34762880616918
73.1903764729583	2.454023898780732	0.0057261567806186	1.7393262417230462	3.5141522968831542	1.72074237066245
17.11117739088759	2.007531770127939	0.0035319199998092	1.5440946746363964	1.7653808310045247	0.807861088972831
36.41216763864083	2.315363165855324	0.0057244331593746	1.9434718853737512	3.035004717934474	0.831518935434149
25.98764913025442	2.8770848991745765	0.0053733687565039	2.0745109928716765	3.1048235902406627	0.889418718623838
25.98764913025442	2.8770848991745765	0.0053733687565039	2.0745109928716765	3.1048235902406627	0.889418718623838
74.02289966083629	3.556720714910403	0.00548151477448	2.0877030245136527	2.3132853997851903	0.870054141224205
74.02289966083629	3.556720714910403	0.00548151477448	2.0877030245136527	2.3132853997851903	0.870054141224205
12.78009778119287	1.882985863048264	0.0034002536566603	1.5729518051331737	1.3629720049577576	1.04418196581511
3.684952591114583	2.5376594830599624	0.0039986016399412	1.6273826798404467	1.4836382904689531	0.953333704107791
2.057402720355987	2.0070428753270555	0.0038153038509762	1.5310698728752763	1.5555313692298378	0.674997722392665
5.9113578838043885	2.511383271477646	0.0048472596721942	2.222879272078522	7.664147447629059	1.01774189903514
273.54680275652663	3.4818752128357944	0.0048005306560247	4.606671508473986	2.055863955848355	-1.04722739265871
1.7021094071226457	2.378363741619825	0.006329567241606	2.242693092400656	6.878377600784694	1.26130786935021
38.8725584812521	2.313519710621765	0.0051805046513945	2.198580999286553	3.2213534371060306	-0.560410915772288
21.95180334525801	2.252822255030705	0.0050313387650801	2.4345427183901736	3.350767929394292	1.37497303708982
18.6555791806432	2.771351386017555	0.005273458310387	2.208989420174808	3.80745053805616	-1.10871836976978
48.83917173732653	2.900035295131849	0.0048501578700483	2.270392225586608	6.41110039962951	-1.54997188489527
73.65493106724776	2.203520801749036	0.0054011518730512	2.064332811258032	5.704521257527773	0.145448928742509
4.572395912073528	2.766905435222997	0.0048391261520412	1.6284483730168051	1.753845132437119	1.43480480707669
1.702764175232606	2.737352564460102	0.0041766449078756	1.7275386521371758	2.74794614403154	1.15684295520053
25.74653011419453	2.410617637798303	0.0053210583174062	1.757126266771909	4.8610184772771605	1.56976104487541
6.067850297194689	2.57650379496958	0.0051539339096497	2.101043452306487	5.097062407757898	0.852396206086577
25.752206675285244	3.240235186965536	0.0063235456187806	2.4329563514894508	4.275698215273795	1.14897960077318
72.32976867364724	2.9607847445226816	0.0070168080940123	1.9983797551134028	6.115503288074027	-0.764631934270131
1.99806124564774	2.112714927394584	0.0043844093530316	2.1348967255068767	2.646634594253188	1.55438701199691
11.481722412673747	2.194347679311553	0.0054185287401746	1.9309158268561373	2.535006426299296	1.47931764632585
10.330584778693964	2.8920180844749326	0.0062062278225701	2.2038219191710944	4.173335636665922	-0.480092301677841
28.96566454045585	3.2169648735120133	0.006786592827977	2.2904857663492137	4.405566635234026	0.918956448277404
53.75823353058476	2.370902814638531	0.004583516178831	1.6194114740545595	2.604154920039144	-0.103293046349384
2.163679808841099	1.5626009025503362	0.0079269806664984	2.0113504226167063	1.587439446466498	1.78017008781078
3.258037325550992	2.171273450896066	0.0041941611905089	1.7055070301736963	2.002601752779932	0.817934847882813
26.90139998334769	3.586421682973364	0.0050254727918981	1.6887623102091838	2.437476843820091	1.66330169346973
10.254067132216136	2.353589148297714	0.0054881726956168	2.385615531606476	4.309662832593347	-0.585551822812578
