23.231287411027377	4.294635136080906	0.0121280540455747	3.186093317686889	3.887497097174168	-1.20521228258096
67.91540465005633	3.36971755034744	0.0061194857893242	2.3517221349535187	2.787446850136779	1.81082981463324
2.155958198780412	2.1727695727977614	0.0050094516166526	1.883114622325773	1.7529411337563054	1.13363453692785
40.197679974750535	3.4129431243586907	0.0061940416075102	3.255225176178166	2.8506095963236007	-0.109502389482142
1.971353682188425	3.8873664864274673	0.0075758327782558	2.320723187689722	6.005108702488129	1.10260661226233
37.99559875192955	3.150110406791029	0.0051795538697282	3.112134499193852	4.626226399992987	-0.0599453650042962
25.91200802929363	3.2092174594608416	0.0050476294395398	2.252885271520254	2.0456546351749667	1.50798221477653
3.041420118343196	1.8152473446914184	0.0061192748891299	2.043553407593256	1.5451270220198745	1.10832553334716
25.11735438313657	2.3766833958910136	0.0066653072193206	6.025867462733523	3.608419580982511	-0.144247492772067
20.53669864378192	2.215539365573982	0.0050005936998126	2.1384991509623825	3.279016106778934	1.27595960586934
25.32262704865384	2.0528928969006133	0.0048614492147097	3.267893584371411	2.3313129910024792	0.109049778756444
149.61153577688978	2.644343847696516	0.0055833240295232	2.850345812090398	3.42369557372837	1.0139192728745
8.046659177474337	3.1329900430014708	0.0058957124725794	2.319551598036433	2.587432359896712	1.2875821422689
8.046659177474337	3.1329900430014708	0.0058957124725794	2.319551598036433	2.587432359896712	1.2875821422689
1.1222611718926396	2.062976044241143	0.0041847407336921	1.84393578101232	1.6279310006342709	0.885707048193094
6.259871842663788	2.070358498432362	0.0048106658208772	2.1001239927689923	1.8937387916608568	-0.370271472393304
159.53432228039557	2.8971762570968647	0.0052353374662358	1.9560520507464263	2.5425182153570063	1.1516765899676
1.8642554645962173	1.716225900471135	0.0039761094256488	3.209999265726783	1.7072421014178178	0.97529218677776
46.3728112530308	2.609041604853627	0.0055336253148628	2.8788457513587	5.781672723693431	-0.546669870008627
114.18698485301692	3.2644919153949927	0.007934495684842	2.672625616522267	4.860334336285722	1.99240558258813
9.599990786916916	2.4884847674458705	0.0048585693771904	2.232105536019969	2.2825654677728733	-0.0756804157322965
49.96203480535319	2.556959937510865	0.0050652389297336	1.9448708083738944	1.7702126461151817	1.42030524837517
504.03706600544285	4.527438848315269	0.0107769861496417	2.596593496641253	3.2026292391187887	-1.03807053010749
49.33540195050771	4.706499490291208	0.0084649481181589	2.925373173707197	7.3812423735227	0.632281428227618
45.61776963581016	4.031172878123107	0.0068312108492923	2.202622299718178	2.518134906044286	0.872813157617666
240.1474663002021	2.66022350798384	0.0076367627815412	2.92507764220444	3.4599533296692573	-0.843226422019429
58.44357305639769	3.642076393912527	0.0075536735252755	4.654682769825273	4.212208516056151	-0.441643769967769
244.2737829563301	3.68310316953522	0.0097299595831479	3.415650716682083	12.201897121837282	-0.214338869968776
