59.59538690034616	4.307730484114511	0.0087092763080815	3.853102178755016	10.751947611563269	-0.328316176082427
145.55646579454185	3.312014087087465	0.0072204939159654	3.414753372407664	6.854074393761817	-0.848162305871527
2.429470330444525	1.9896775226349768	0.0044034631612745	1.7455356765753016	1.6247696891652976	1.1663287224811
9.878728022802898	3.012701160269061	0.0054296266619678	2.021030903585625	2.445093149606467	0.663441750408903
22.66195648670884	3.9949808217708784	0.0066097017507781	2.012575847311171	4.770990715585213	1.51150435746234
104.9699929955977	3.1113661729157496	0.0073713325587525	2.383589977509528	3.3161670273352954	0.974281677554689
2.298675814529139	5.438328794610396	0.006304331524394	2.735527967766888	2.572381026176669	2.49813713634695
57.13093908162834	2.886978402685575	0.0062878752389087	3.0770929193454246	9.676960371720414	-0.569602243903983
9.84926529472539	2.168812303647944	0.0034414876127037	1.7670733378152097	2.092464572602721	1.05227025338733
7.559978121753764	2.8251881432661063	0.0044100502260453	1.919426655181576	2.3162961579224253	0.887201136635001
7.6091029718551	3.0005429546176794	0.0068318013469852	1.879480723002847	3.531056579528688	1.53904065915789
193.0512490113751	2.460740057090536	0.0050020588659879	2.002988569915693	6.580727262435497	1.78830789475648
31.669482792492747	1.7637470104328723	0.0049218987872144	1.7084652376026184	3.2618864384087938	1.1075720878619
2.957909122852441	1.9847067369025493	0.0057999988498519	1.8504521557945128	1.875600552332089	1.37325774956143
2.127365647779853	2.3755752363718337	0.005279111186745	1.719565086901439	1.71879341329959	1.8679920956466
12.97595192137348	2.906263029762429	0.0063770208042276	2.481239003106111	5.594397637911001	-0.434788418377537
48.18604444398821	3.899189336330456	0.0078203140557295	3.6561674520968177	5.038888221596944	-0.852984577156823
167.081775080333	3.769128324746621	0.0069398174732771	4.650692839144531	3.5140041707407352	1.87141505143573
77.81800459865144	3.33515384878778	0.006617498775457	3.050536318593425	3.909891431549222	0.77204954480186
16.303378563096505	3.037067292861716	0.0070565543353223	2.0161509583847823	2.6943025935680898	1.24183479422507
19.67545709752054	3.814084240729533	0.0074348814662251	3.630412728628918	5.263868272379429	0.860147384895847
28.71441687675167	3.879131201393057	0.0068111867667335	2.423679344442703	4.978890059306278	1.64976433895341
18.920019260090616	3.174073894153893	0.0067494016519948	3.0288576721679363	4.94806687634336	1.93744532529376
93.17499414767164	3.4655894442594986	0.0066836340172325	3.0276933783237454	5.486740242410999	0.714802347110138
5.439841140848947	3.024688083192817	0.006213757986153	2.533553352556189	4.702406874911906	1.15391297823242
4.165934588170822	6.031587281520088	0.0060629356569044	1.9742469712993016	2.0194954899848483	0.874994101639356
26.598843124052	2.3576772131688686	0.0072071905237304	2.901961411317464	4.036089213630669	-1.1035581805512
