10.7925811579465	2.502125676151617	0.0029346256991468	1.4414587607099325	1.5783548891748609	0.434254167390918
20.956982865338823	2.3442022489178043	0.0034564878910045	1.409243988656344	1.5483582735907673	1.62124920010452
59.911112954503984	2.639914163695094	0.0038644138505127	1.496540774373078	1.862569733964564	0.47353530953717
52.69824900969833	3.2888702465895703	0.0073880149494175	1.9217359658790905	4.4934154093773655	2.11380692690557
22.54546939202744	2.259945718399688	0.0046214188212306	1.6303828983054225	3.527123098912464	0.858675139564102
20.74563731372013	2.248096728319603	0.0036149211346664	1.8374773673964784	4.146059881084252	1.02387735167853
2.086026263196552	2.07560912794038	0.0027093386772012	1.3770180023189271	1.2700209847310415	-1.28544540726436
8.855311270328444	2.2246262617335293	0.0027255385400249	1.3571188862123078	1.32796652426227	1.67314257812369
14.355465548066157	3.0739643665795566	0.0057211293690537	2.00123462064584	2.706293787382003	-0.476224994702276
17.19685563331267	3.0121522649375176	0.0047674172909218	1.8277615929530715	3.9295278603521537	1.26247199337427
196.5365900303172	2.678684488927847	0.0077318385009818	2.222207611760675	2.702394379443786	0.173737665491871
1.995812714376466	2.607259631471242	0.005627864497973	2.110577322096053	2.777363524674191	1.13825947029548
22.019758148296297	2.134155022992602	0.0055612782454606	2.0316698376225686	3.160845391658772	1.4087108366552
2.023604823822326	2.8132762086629195	0.0048543604893985	1.749207066544594	1.5227707042423682	1.18690511341687
32.32927073554715	2.134459598999681	0.0048008928078592	2.298094468887117	2.228423640284076	3.41104606322634
13.474235523828396	3.001797983390138	0.0066213812780883	2.357829484410717	2.85054807609342	1.88618956830933
46.55711173737895	4.4017835608234055	0.0053179742938734	2.7967501025239074	6.329158941980086	1.34476481230201
2.937919207479528	2.786240326814728	0.0062194422952699	2.799564298340933	2.4404497827281824	1.2382390114827
39.89554034259056	4.093378087766977	0.0070132391431645	7.787334701955825	10.620585405942482	1.31544675381541
111.89162624891244	4.239729995099883	0.0074298481434842	2.78020314435932	4.445377271716315	1.46141855607158
8.204791383934438	4.79674805193671	0.0062473338699954	5.8842824781162015	7.241409085329111	-0.45366393289186
7.101363177108075	2.383527785751318	0.0072439725871544	2.291482622202915	1.7731320062578717	2.20524581253396
42.04109444301434	3.847815774349482	0.0071672041470891	3.4485884859798843	8.657420601653262	2.08975086571287
6.407330894865005	2.741212479807173	0.0056267676616588	4.87792064030558	2.9822932857522675	1.35099299896503
91.38139693295804	3.616560191625404	0.0058935951119541	8.085556680565954	4.23056907903637	0.147847487833982
40.119612691692296	3.0029965554458977	0.0072705461380595	2.7817366324073496	1.80364382591464	1.4168359409285
114.21887007789336	4.9878344321587385	0.0076442801600337	3.733850613161684	2.821177469381827	-0.624131249653278
2.1552782023356687	2.4235451187478887	0.0058623069566523	2.038459886617304	2.291042348784687	1.26486813785642
2.0583176194632733	1.9284516724802427	0.0058917283465781	1.91944965360436	1.5838335531760774	1.38071674521513
7.359524408347276	4.961716496865629	0.0093439841921167	3.336300347033952	3.361720099870806	1.35518618796818
