2.527039424109448	1.8548288586695605	0.003529158189584	1.5245754179833877	1.5374864999855629	-0.710585649875346
12.184936481392588	2.3851228140538154	0.0048818995932953	1.8828294120802305	4.1966871339123335	1.07519799680204
3.951842484834748	2.389925753819849	0.0052058736139865	1.6405310791722991	2.2492023144962063	1.43093631251889
1.5601068807763585	3.528090099696452	0.0053873889809653	2.081886050248132	4.6099679267364255	1.09916900576131
3.4823295674001344	3.1197504212152443	0.0064569970398034	2.253242715652941	2.186874047631747	0.151545136166953
611.7710203943808	4.465966767050995	0.009109788397533	3.494597943778111	2.867917053553	0.970077316157723
56.37661941139106	3.4637821489189875	0.0100909409481305	3.464407867643944	2.06687999128073	0.820706284614167
10.9742142841825	2.998946343493127	0.0063361508460321	2.7530344774675	2.2413282216686854	0.0240462196356927
43.58973827176181	4.566629145289642	0.0080937891271768	2.296577552782264	5.820896590862641	0.861057048688942
44.69860208993805	5.0040412925237385	0.0075716302868782	2.578394272130044	3.2821684079724034	0.919865645197185
20.06992552046066	3.190813845328933	0.0065829557850316	2.231037440285719	1.833975138708576	1.12411325993241
54.41146767794818	5.924316081005537	0.0082455278785126	2.588101155261067	5.514004417094901	0.728803655096254
62.33312317954067	3.0550950186648724	0.0058068703990746	4.573638075968395	11.926303784513342	1.62965857392448
69.50417954589008	5.147477295008569	0.0098544047311257	6.389097499404875	8.902715596234058	-0.940224563613808
96.03965463986924	3.781221971951056	0.0088616842613375	3.508143451557928	7.049822695035462	1.60935252842583
2.341725655959096	3.541757397446192	0.0089994649193383	2.369638963303998	2.8683619595700587	1.72504722973513
7184.029960745562	3.416328164924269	0.0089139590779515	2.806333470648355	4.81458756382134	0.573456422524824
90.14450809385224	4.994266298139128	0.01459791027588	4.071403305787621	7.127537848707646	-0.580736964045608
588.5310117270366	5.560760995325954	0.0157611490228207	5.3627471407839975	15.938816314635927	0.153858974638243
